[gd_scene load_steps=17 format=3 uid="uid://bsxx8bu64eqxq"]

[sub_resource type="BoxMesh" id="BoxMesh_e5bc4"]
size = Vector3(0.1, 0.5, 0.1)

[sub_resource type="BoxMesh" id="BoxMesh_d3vyt"]
size = Vector3(0.1, 0.1, 0.1)

[sub_resource type="BoxMesh" id="BoxMesh_up3vs"]
size = Vector3(0.1, 0.1, 0.1)

[sub_resource type="BoxMesh" id="BoxMesh_p8xou"]
size = Vector3(0.1, 0.385, 0.1)

[sub_resource type="BoxMesh" id="BoxMesh_v8n77"]
size = Vector3(0.2, 1, 0.2)

[sub_resource type="BoxMesh" id="BoxMesh_7x4yj"]
size = Vector3(0.15, 0.7, 0.15)

[sub_resource type="BoxMesh" id="BoxMesh_w3rfm"]
size = Vector3(0.2, 1, 0.2)

[sub_resource type="BoxMesh" id="BoxMesh_7pe0v"]
size = Vector3(0.15, 0.7, 0.15)

[sub_resource type="BoxMesh" id="BoxMesh_xjd7o"]
size = Vector3(0.35, 0.3, 0.715)

[sub_resource type="BoxMesh" id="BoxMesh_jnn5x"]
size = Vector3(0.3, 0.35, 0.52)

[sub_resource type="BoxMesh" id="BoxMesh_m8ecd"]
size = Vector3(0.3, 0.465, 0.3)

[sub_resource type="BoxMesh" id="BoxMesh_b767i"]
size = Vector3(0.3, 0.495, 0.3)

[sub_resource type="BoxMesh" id="BoxMesh_7hn2v"]
size = Vector3(0.1, 0.1, 0.1)

[sub_resource type="BoxMesh" id="BoxMesh_iaooc"]
size = Vector3(0.3, 0.3, 0.3)

[sub_resource type="Animation" id="Animation_3vaax"]
resource_name = "Take 001"
length = 0.001

[sub_resource type="AnimationLibrary" id="AnimationLibrary_b7m31"]
_data = {
"Take 001": SubResource("Animation_3vaax")
}

[node name="base_rig" type="Node3D"]

[node name="Root Scene" type="Node3D" parent="."]

[node name="RootNode" type="Node3D" parent="Root Scene"]

[node name="Character1_Reference" type="Node3D" parent="Root Scene/RootNode"]

[node name="Skeleton3D" type="Skeleton3D" parent="Root Scene/RootNode/Character1_Reference"]
bones/0/name = "Character1_HipsTranslation"
bones/0/parent = -1
bones/0/rest = Transform3D(1, 0, 0, 0, 1, 0, 0, 0, 1, 0, 1, 0)
bones/0/enabled = true
bones/0/position = Vector3(0, 1, 0)
bones/0/rotation = Quaternion(0, 0, 0, 1)
bones/0/scale = Vector3(1, 1, 1)
bones/1/name = "Character1_Hips"
bones/1/parent = 0
bones/1/rest = Transform3D(1, 0, 0, 0, 1, 0, 0, 0, 1, 0, 0, 0)
bones/1/enabled = true
bones/1/position = Vector3(0, 0, 0)
bones/1/rotation = Quaternion(0, 0, 0, 1)
bones/1/scale = Vector3(1, 1, 1)
bones/2/name = "Character1_LeftUpLeg"
bones/2/parent = 1
bones/2/rest = Transform3D(1, 0, 0, 0, 1, 1.07053e-05, 0, -1.07053e-05, 1, 0.0891, -0.0627, 0)
bones/2/enabled = true
bones/2/position = Vector3(0.0891, -0.0627, 0)
bones/2/rotation = Quaternion(-5.35265e-06, 0, 0, 1)
bones/2/scale = Vector3(1, 1, 1)
bones/3/name = "Character1_LeftLeg"
bones/3/parent = 2
bones/3/rest = Transform3D(1, 0, 0, 0, 1, -7.24823e-06, 0, 7.24823e-06, 1, -9.53674e-09, -0.448786, -4.80439e-06)
bones/3/enabled = true
bones/3/position = Vector3(-9.53674e-09, -0.448786, -4.80439e-06)
bones/3/rotation = Quaternion(3.62411e-06, 0, 0, 1)
bones/3/scale = Vector3(1, 1, 1)
bones/4/name = "Character1_LeftFoot"
bones/4/parent = 3
bones/4/rest = Transform3D(1, 0, 0, 0, 1, -3.45707e-06, 0, 3.45707e-06, 1, -1.77636e-17, -0.40701, -1.40706e-06)
bones/4/enabled = true
bones/4/position = Vector3(-1.77636e-17, -0.40701, -1.40706e-06)
bones/4/rotation = Quaternion(1.72853e-06, 0, 0, 1)
bones/4/scale = Vector3(1, 1, 1)
bones/5/name = "Character1_LeftToeBase"
bones/5/parent = 4
bones/5/rest = Transform3D(1, 0, 0, 0, 1, 0, 0, 0, 1, 8.58307e-08, -0.0626232, 0.129547)
bones/5/enabled = true
bones/5/position = Vector3(8.58307e-08, -0.0626232, 0.129547)
bones/5/rotation = Quaternion(0, 0, 0, 1)
bones/5/scale = Vector3(1, 1, 1)
bones/6/name = "Character1_RightUpLeg"
bones/6/parent = 1
bones/6/rest = Transform3D(1, 0, 0, 0, 1, 1.07009e-05, 0, -1.07009e-05, 1, -0.0891, -0.0627, 0)
bones/6/enabled = true
bones/6/position = Vector3(-0.0891, -0.0627, 0)
bones/6/rotation = Quaternion(-5.35045e-06, 0, 0, 1)
bones/6/scale = Vector3(1, 1, 1)
bones/7/name = "Character1_RightLeg"
bones/7/parent = 6
bones/7/rest = Transform3D(1, 0, 0, 0, 1, -7.24383e-06, 0, 7.24383e-06, 1, -1.90735e-08, -0.448786, -4.12175e-07)
bones/7/enabled = true
bones/7/position = Vector3(-1.90735e-08, -0.448786, -4.12175e-07)
bones/7/rotation = Quaternion(3.62191e-06, 0, 0, 1)
bones/7/scale = Vector3(1, 1, 1)
bones/8/name = "Character1_RightFoot"
bones/8/parent = 7
bones/8/rest = Transform3D(1, 0, 0, 0, 1, -3.45707e-06, 0, 3.45707e-06, 1, 9.53674e-09, -0.40701, -1.40706e-06)
bones/8/enabled = true
bones/8/position = Vector3(9.53674e-09, -0.40701, -1.40706e-06)
bones/8/rotation = Quaternion(1.72853e-06, 0, 0, 1)
bones/8/scale = Vector3(1, 1, 1)
bones/9/name = "Character1_RightToeBase"
bones/9/parent = 8
bones/9/rest = Transform3D(1, 0, 8.37825e-05, 0, 1, 0, -8.37825e-05, 0, 1, -1.08528e-05, -0.0626232, 0.129547)
bones/9/enabled = true
bones/9/position = Vector3(-1.08528e-05, -0.0626232, 0.129547)
bones/9/rotation = Quaternion(0, 4.18913e-05, 0, 1)
bones/9/scale = Vector3(1, 1, 1)
bones/10/name = "Character1_Spine"
bones/10/parent = 1
bones/10/rest = Transform3D(1, 0, 0, 0, 1, 0, 0, 0, 1, 0, 0.07, 0)
bones/10/enabled = true
bones/10/position = Vector3(0, 0.07, 0)
bones/10/rotation = Quaternion(0, 0, 0, 1)
bones/10/scale = Vector3(1, 1, 1)
bones/11/name = "Character1_Spine1"
bones/11/parent = 10
bones/11/rest = Transform3D(1, 0, 0, 0, 1, 0, 0, 0, 1, 0, 0.095, 0)
bones/11/enabled = true
bones/11/position = Vector3(0, 0.095, 0)
bones/11/rotation = Quaternion(0, 0, 0, 1)
bones/11/scale = Vector3(1, 1, 1)
bones/12/name = "Character1_Spine2"
bones/12/parent = 11
bones/12/rest = Transform3D(1, 0, 0, 0, 1, 0, 0, 0, 1, 0, 0.095, 0)
bones/12/enabled = true
bones/12/position = Vector3(0, 0.095, 0)
bones/12/rotation = Quaternion(0, 0, 0, 1)
bones/12/scale = Vector3(1, 1, 1)
bones/13/name = "Character1_Spine3"
bones/13/parent = 12
bones/13/rest = Transform3D(1, 0, 0, 0, 1, 0, 0, 0, 1, 0, 0.0950001, 0)
bones/13/enabled = true
bones/13/position = Vector3(0, 0.0950001, 0)
bones/13/rotation = Quaternion(0, 0, 0, 1)
bones/13/scale = Vector3(1, 1, 1)
bones/14/name = "Character1_LeftShoulder"
bones/14/parent = 13
bones/14/rest = Transform3D(1, 0, 0, 0, 1, 0, 0, 0, 1, 0.07, 0.110885, 0)
bones/14/enabled = true
bones/14/position = Vector3(0.07, 0.110885, 0)
bones/14/rotation = Quaternion(0, 0, 0, 1)
bones/14/scale = Vector3(1, 1, 1)
bones/15/name = "Character1_LeftArm"
bones/15/parent = 14
bones/15/rest = Transform3D(1, -9.10124e-06, 3.55693e-05, 9.10166e-06, 1, -1.17715e-05, -3.55691e-05, 1.17719e-05, 1, 0.107073, 1.37329e-06, 0)
bones/15/enabled = true
bones/15/position = Vector3(0.107073, 1.37329e-06, 0)
bones/15/rotation = Quaternion(5.88585e-06, 1.77846e-05, 4.55072e-06, 1)
bones/15/scale = Vector3(1, 1, 1)
bones/16/name = "Character1_LeftForeArm"
bones/16/parent = 15
bones/16/rest = Transform3D(1, -0.000298893, -3.77608e-05, 0.000298893, 1, 1.17719e-05, 3.77573e-05, -1.17832e-05, 1, 0.273055, -2.48514e-06, 9.71235e-06)
bones/16/enabled = true
bones/16/position = Vector3(0.273055, -2.48514e-06, 9.71235e-06)
bones/16/rotation = Quaternion(-5.88877e-06, -1.88795e-05, 0.000149446, 1)
bones/16/scale = Vector3(1, 1, 1)
bones/17/name = "Character1_LeftHand"
bones/17/parent = 16
bones/17/rest = Transform3D(0.999993, 0.00384992, 2.1916e-06, -0.00384992, 0.999993, -8.43755e-09, -2.19162e-06, -4.44089e-16, 1, 0.266971, -8.22256e-05, -5.85103e-07)
bones/17/enabled = true
bones/17/position = Vector3(0.266971, -8.22256e-05, -5.85103e-07)
bones/17/rotation = Quaternion(2.10939e-09, 1.09581e-06, -0.00192496, 0.999998)
bones/17/scale = Vector3(1, 1, 1)
bones/18/name = "Character1_LeftHandThumb1"
bones/18/parent = 17
bones/18/rest = Transform3D(0.999567, -0.029422, -7.45129e-26, 0.029422, 0.999567, 1.65288e-24, 2.58494e-26, -1.65436e-24, 1, 0.0435156, -0.007831, 0.0428243)
bones/18/enabled = true
bones/18/position = Vector3(0.0435156, -0.007831, 0.0428243)
bones/18/rotation = Quaternion(-8.26901e-25, -2.50933e-26, 0.0147126, 0.999892)
bones/18/scale = Vector3(1, 1, 1)
bones/19/name = "Character1_LeftHandThumb2"
bones/19/parent = 18
bones/19/rest = Transform3D(0.987145, 0.159828, -8.35842e-26, -0.159828, 0.987145, 3.36534e-24, 6.20385e-25, -3.30872e-24, 1, 0.0249787, -0.00600937, 0.00707454)
bones/19/enabled = true
bones/19/position = Vector3(0.0249787, -0.00600937, 0.00707454)
bones/19/rotation = Quaternion(-1.6739e-24, -1.76561e-25, -0.080172, 0.996781)
bones/19/scale = Vector3(1, 1, 1)
bones/20/name = "Character1_LeftHandThumb3"
bones/20/parent = 19
bones/20/rest = Transform3D(0.78739, -0.616456, 1.67115e-24, 0.616456, 0.78739, -7.92707e-25, -8.27181e-25, 1.65436e-24, 1, 0.0252013, 0.00341339, 9.53667e-08)
bones/20/enabled = true
bones/20/position = Vector3(0.0252013, 0.00341339, 9.53667e-08)
bones/20/rotation = Quaternion(6.4713e-25, 6.60687e-25, 0.326045, 0.945354)
bones/20/scale = Vector3(1, 1, 1)
bones/21/name = "Character1_LeftHandThumb4"
bones/21/parent = 20
bones/21/rest = Transform3D(-0.560122, 0.82841, 9.26644e-25, -0.82841, -0.560122, 1.37049e-24, 1.65436e-24, 0, 1, 0.0230143, -0.0134721, -8.1063e-08)
bones/21/enabled = true
bones/21/position = Vector3(0.0230143, -0.0134721, -8.1063e-08)
bones/21/rotation = Quaternion(7.30575e-25, 3.87928e-25, 0.883211, -0.468977)
bones/21/scale = Vector3(1, 1, 1)
bones/22/name = "Character1_LeftHandIndex1"
bones/22/parent = 17
bones/22/rest = Transform3D(0.999567, -0.029422, 6.2165e-05, 0.029422, 0.999567, 1.82981e-06, -6.21919e-05, 0, 1, 0.0882121, 0.00230968, 0.0347167)
bones/22/enabled = true
bones/22/position = Vector3(0.0882121, 0.00230968, 0.0347167)
bones/22/rotation = Quaternion(-4.57503e-07, 3.10926e-05, 0.0147126, 0.999892)
bones/22/scale = Vector3(1, 1, 1)
bones/23/name = "Character1_LeftHandIndex2"
bones/23/parent = 22
bones/23/rest = Transform3D(0.986595, 0.159823, 0.0329726, -0.159732, 0.987146, -0.0053904, -0.0334102, 5.13673e-05, 0.999442, 0.0422133, -0.00109306, 0.00147461)
bones/23/enabled = true
bones/23/position = Vector3(0.0422133, -0.00109306, 0.00147461)
bones/23/rotation = Quaternion(0.00136502, 0.0166516, -0.0801578, 0.996642)
bones/23/scale = Vector3(1, 1, 1)
bones/24/name = "Character1_LeftHandIndex3"
bones/24/parent = 23
bones/24/rest = Transform3D(0.511244, -0.606505, -0.608918, 0.475248, 0.789834, -0.387688, 0.716079, -0.0911837, 0.692038, 0.0262376, 0.00355985, 0.00180364)
bones/24/enabled = true
bones/24/position = Vector3(0.0262376, 0.00355985, 0.00180364)
bones/24/rotation = Quaternion(0.0856918, -0.382933, 0.312634, 0.865031)
bones/24/scale = Vector3(1, 1, 1)
bones/25/name = "Character1_LeftHandIndex4"
bones/25/parent = 24
bones/25/rest = Transform3D(-0.87499, -0.0747953, -0.478329, 0.242169, 0.787896, -0.566193, 0.419222, -0.61125, -0.671287, 0.0120987, -0.00978843, -0.0118857)
bones/25/enabled = true
bones/25/position = Vector3(0.0120987, -0.00978843, -0.0118857)
bones/25/rotation = Quaternion(0.0458315, 0.912986, -0.322415, -0.245774)
bones/25/scale = Vector3(1, 1, 1)
bones/26/name = "Character1_LeftHandMiddle1"
bones/26/parent = 17
bones/26/rest = Transform3D(0.999567, -0.029422, 6.2165e-05, 0.029422, 0.999567, 1.82981e-06, -6.21919e-05, 0, 1, 0.0880805, 0.00532086, 0.0130468)
bones/26/enabled = true
bones/26/position = Vector3(0.0880805, 0.00532086, 0.0130468)
bones/26/rotation = Quaternion(-4.57503e-07, 3.10926e-05, 0.0147126, 0.999892)
bones/26/scale = Vector3(1, 1, 1)
bones/27/name = "Character1_LeftHandMiddle2"
bones/27/parent = 26
bones/27/rest = Transform3D(0.987144, 0.159828, -0.00141775, -0.159828, 0.987145, 0.00017771, 0.00142793, 5.11703e-05, 0.999999, 0.0486162, -0.00125868, 6.04787e-06)
bones/27/enabled = true
bones/27/position = Vector3(0.0486162, -0.00125868, 6.04787e-06)
bones/27/rotation = Quaternion(-3.17371e-05, -0.000713717, -0.080172, 0.996781)
bones/27/scale = Vector3(1, 1, 1)
bones/28/name = "Character1_LeftHandMiddle3"
bones/28/parent = 27
bones/28/rest = Transform3D(0.787281, -0.616441, 0.0137395, 0.616411, 0.787395, 0.00682246, -0.0150241, 0.003098, 0.999882, 0.0274021, 0.00371165, -3.58812e-05)
bones/28/enabled = true
bones/28/position = Vector3(0.0274021, 0.00371165, -3.58812e-05)
bones/28/rotation = Quaternion(-0.00098497, 0.0076068, 0.326039, 0.945325)
bones/28/scale = Vector3(1, 1, 1)
bones/29/name = "Character1_LeftHandMiddle4"
bones/29/parent = 28
bones/29/rest = Transform3D(-0.561764, 0.827217, -0.0115188, -0.824859, -0.558985, 0.0845166, 0.0634748, 0.0569798, 0.996355, 0.0173069, -0.010132, 0.000265406)
bones/29/enabled = true
bones/29/position = Vector3(0.0173069, -0.010132, 0.000265406)
bones/29/rotation = Quaternion(0.014714, 0.0400719, 0.882766, -0.467869)
bones/29/scale = Vector3(1, 1, 1)
bones/30/name = "Character1_LeftHandRing1"
bones/30/parent = 17
bones/30/rest = Transform3D(0.999567, -0.029422, 6.2165e-05, 0.029422, 0.999567, 1.82981e-06, -6.21919e-05, 0, 1, 0.0889236, 0.00411412, -0.00793159)
bones/30/enabled = true
bones/30/position = Vector3(0.0889236, 0.00411412, -0.00793159)
bones/30/rotation = Quaternion(-4.57503e-07, 3.10926e-05, 0.0147126, 0.999892)
bones/30/scale = Vector3(1, 1, 1)
bones/31/name = "Character1_LeftHandRing2"
bones/31/parent = 30
bones/31/rest = Transform3D(0.987144, 0.159828, -0.00141775, -0.159828, 0.987145, 0.00017771, 0.00142793, 5.11703e-05, 0.999999, 0.0453624, -0.00117444, 2.82177e-06)
bones/31/enabled = true
bones/31/position = Vector3(0.0453624, -0.00117444, 2.82177e-06)
bones/31/rotation = Quaternion(-3.17371e-05, -0.000713717, -0.080172, 0.996781)
bones/31/scale = Vector3(1, 1, 1)
bones/32/name = "Character1_LeftHandRing3"
bones/32/parent = 31
bones/32/rest = Transform3D(0.787281, -0.616441, 0.0137395, 0.616411, 0.787395, 0.00682246, -0.0150241, 0.003098, 0.999882, 0.0228367, 0.00309327, -3.13359e-05)
bones/32/enabled = true
bones/32/position = Vector3(0.0228367, 0.00309327, -3.13359e-05)
bones/32/rotation = Quaternion(-0.00098497, 0.0076068, 0.326039, 0.945325)
bones/32/scale = Vector3(1, 1, 1)
bones/33/name = "Character1_LeftHandRing4"
bones/33/parent = 32
bones/33/rest = Transform3D(-0.561764, 0.827217, -0.0115188, -0.824859, -0.558985, 0.0845166, 0.0634748, 0.0569798, 0.996355, 0.0165969, -0.00971632, 0.000253323)
bones/33/enabled = true
bones/33/position = Vector3(0.0165969, -0.00971632, 0.000253323)
bones/33/rotation = Quaternion(0.014714, 0.0400719, 0.882766, -0.467869)
bones/33/scale = Vector3(1, 1, 1)
bones/34/name = "Character1_LeftHandPinky1"
bones/34/parent = 17
bones/34/rest = Transform3D(0.999567, -0.029422, 6.2165e-05, 0.029422, 0.999567, 1.82981e-06, -6.21919e-05, 0, 1, 0.0888333, -0.00281572, -0.0249036)
bones/34/enabled = true
bones/34/position = Vector3(0.0888333, -0.00281572, -0.0249036)
bones/34/rotation = Quaternion(-4.57503e-07, 3.10926e-05, 0.0147126, 0.999892)
bones/34/scale = Vector3(1, 1, 1)
bones/35/name = "Character1_LeftHandPinky2"
bones/35/parent = 34
bones/35/rest = Transform3D(0.987142, 0.159841, -0.00147914, -0.159841, 0.987143, 0.000187655, 0.00149012, 5.11852e-05, 0.999999, 0.0304308, -0.000787399, 1.89255e-06)
bones/35/enabled = true
bones/35/position = Vector3(0.0304308, -0.000787399, 1.89255e-06)
bones/35/rotation = Quaternion(-3.42277e-05, -0.000744713, -0.0801786, 0.99678)
bones/35/scale = Vector3(1, 1, 1)
bones/36/name = "Character1_LeftHandPinky3"
bones/36/parent = 35
bones/36/rest = Transform3D(0.787062, -0.616691, 0.0149912, 0.616653, 0.787198, 0.00758873, -0.016481, 0.00327157, 0.999859, 0.0195663, 0.00265085, -2.80666e-05)
bones/36/enabled = true
bones/36/position = Vector3(0.0195663, 0.00265085, -2.80666e-05)
bones/36/rotation = Quaternion(-0.00114178, 0.00832361, 0.326189, 0.945267)
bones/36/scale = Vector3(1, 1, 1)
bones/37/name = "Character1_LeftHandPinky4"
bones/37/parent = 36
bones/37/rest = Transform3D(-0.565269, 0.824846, -0.0100281, -0.821461, -0.561756, 0.0981383, 0.0753156, 0.0637122, 0.995122, 0.0143786, -0.0084236, 0.000240887)
bones/37/enabled = true
bones/37/position = Vector3(0.0143786, -0.0084236, 0.000240887)
bones/37/rotation = Quaternion(0.0184745, 0.0457991, 0.88348, -0.465859)
bones/37/scale = Vector3(1, 1, 1)
bones/38/name = "Character1_LeftHandExtraFinger1"
bones/38/parent = 17
bones/38/rest = Transform3D(0.999644, -0.0266897, 0, 0.0266897, 0.999644, 0, 0, 0, 1, 0.0888152, 0.00231181, -0.0449036)
bones/38/enabled = true
bones/38/position = Vector3(0.0888152, 0.00231181, -0.0449036)
bones/38/rotation = Quaternion(0, 0, 0.013346, 0.999911)
bones/38/scale = Vector3(1, 1, 1)
bones/39/name = "Character1_LeftHandExtraFinger2"
bones/39/parent = 38
bones/39/rest = Transform3D(0.99229, 0.118996, 0.0346515, -0.118923, 0.992895, -0.00415307, -0.0348995, 1.82306e-07, 0.999391, 0.0204355, -0.000473337, -5.60831e-13)
bones/39/enabled = true
bones/39/position = Vector3(0.0204355, -0.000473337, -5.60831e-13)
bones/39/rotation = Quaternion(0.00104032, 0.0174214, -0.0595948, 0.99807)
bones/39/scale = Vector3(1, 1, 1)
bones/40/name = "Character1_LeftHandExtraFinger3"
bones/40/parent = 39
bones/40/rest = Transform3D(0.86216, -0.357163, -0.359325, 0.346241, 0.933142, -0.0967621, 0.369861, -0.0409885, 0.928182, 0.0196419, 0.00189497, 0.00068591)
bones/40/enabled = true
bones/40/position = Vector3(0.0196419, 0.00189497, 0.00068591)
bones/40/rotation = Quaternion(0.0144519, -0.188944, 0.182264, 0.964817)
bones/40/scale = Vector3(1, 1, 1)
bones/41/name = "Character1_LeftHandExtraFinger4"
bones/41/parent = 40
bones/41/rest = Transform3D(-0.473878, 0.502642, 0.723043, -0.204157, 0.736006, -0.645457, -0.856598, -0.453482, -0.246159, 0.0150617, -0.00445265, -0.00557466)
bones/41/enabled = true
bones/41/position = Vector3(0.0150617, -0.00445265, -0.00557466)
bones/41/rotation = Quaternion(0.0952303, 0.783588, -0.350611, 0.503977)
bones/41/scale = Vector3(1, 1, 1)
bones/42/name = "Character1_RightShoulder"
bones/42/parent = 13
bones/42/rest = Transform3D(1, 0, 0, 0, 1, 0, 0, 0, 1, -0.07, 0.110885, 0)
bones/42/enabled = true
bones/42/position = Vector3(-0.07, 0.110885, 0)
bones/42/rotation = Quaternion(0, 0, 0, 1)
bones/42/scale = Vector3(1, 1, 1)
bones/43/name = "Character1_RightArm"
bones/43/parent = 42
bones/43/rest = Transform3D(1, -1.85287e-05, -3.57034e-05, 1.85283e-05, 1, -1.19653e-05, 3.57036e-05, 1.19646e-05, 1, -0.107073, 4.27246e-06, 0)
bones/43/enabled = true
bones/43/position = Vector3(-0.107073, 4.27246e-06, 0)
bones/43/rotation = Quaternion(5.98246e-06, -1.78517e-05, 9.26425e-06, 1)
bones/43/scale = Vector3(1, 1, 1)
bones/44/name = "Character1_RightForeArm"
bones/44/parent = 43
bones/44/rest = Transform3D(1, 0.000989641, 3.78952e-05, -0.000989641, 1, 1.19646e-05, -3.78834e-05, -1.20021e-05, 1, -0.273056, 5.05937e-06, 9.74902e-06)
bones/44/enabled = true
bones/44/position = Vector3(-0.273056, 5.05937e-06, 9.74902e-06)
bones/44/rotation = Quaternion(-5.99165e-06, 1.89446e-05, -0.000494821, 1)
bones/44/scale = Vector3(1, 1, 1)
bones/45/name = "Character1_RightHand"
bones/45/parent = 44
bones/45/rest = Transform3D(0.999926, -0.0121386, -2.19133e-06, 0.0121386, 0.999926, -2.66017e-08, 2.19149e-06, 0, 1, -0.26697, -0.000259258, -5.851e-07)
bones/45/enabled = true
bones/45/position = Vector3(-0.26697, -0.000259258, -5.851e-07)
bones/45/rotation = Quaternion(6.65055e-09, -1.09573e-06, 0.00606942, 0.999982)
bones/45/scale = Vector3(1, 1, 1)
bones/46/name = "Character1_RightHandThumb1"
bones/46/parent = 45
bones/46/rest = Transform3D(0.995699, 0.0926487, 0, -0.0926487, 0.995699, 0, 0, 0, 1, -0.0435703, -0.00749882, 0.0428281)
bones/46/enabled = true
bones/46/position = Vector3(-0.0435703, -0.00749882, 0.0428281)
bones/46/rotation = Quaternion(0, 0, -0.0463742, 0.998924)
bones/46/scale = Vector3(1, 1, 1)
bones/47/name = "Character1_RightHandThumb2"
bones/47/parent = 46
bones/47/rest = Transform3D(0.874636, -0.48478, 1.44696e-24, 0.48478, 0.874636, 8.02001e-25, -1.65436e-24, 0, 1, -0.0246046, -0.00739148, 0.00707677)
bones/47/enabled = true
bones/47/position = Vector3(-0.0246046, -0.00739148, 0.00707677)
bones/47/rotation = Quaternion(-2.07096e-25, 8.00836e-25, 0.250364, 0.968152)
bones/47/scale = Vector3(1, 1, 1)
bones/48/name = "Character1_RightHandThumb3"
bones/48/parent = 47
bones/48/rest = Transform3D(-0.499931, 0.866065, 2.72872e-24, -0.866065, -0.499931, 2.24527e-24, 3.30872e-24, -1.24077e-24, 1, -0.02316, 0.0104681, 0.000888205)
bones/48/enabled = true
bones/48/position = Vector3(-0.02316, 0.0104681, 0.000888205)
bones/48/rotation = Quaternion(-1.7429e-24, -2.8998e-25, -0.866006, 0.500034)
bones/48/scale = Vector3(1, 1, 1)
bones/49/name = "Character1_RightHandThumb4"
bones/49/parent = 48
bones/49/rest = Transform3D(0.855913, -0.517119, 3.68748e-24, 0.517119, 0.855913, 2.95014e-25, -3.30872e-24, 1.65436e-24, 1, 0.00263458, -0.0265207, 0.000931373)
bones/49/enabled = true
bones/49/position = Vector3(0.00263458, -0.0265207, 0.000931373)
bones/49/rotation = Quaternion(3.52782e-25, 1.81568e-24, 0.268409, 0.963305)
bones/49/scale = Vector3(1, 1, 1)
bones/50/name = "Character1_RightHandIndex1"
bones/50/parent = 45
bones/50/rest = Transform3D(0.995092, 0.0926487, 0.0347505, -0.0925922, 0.995699, -0.0032335, -0.0349006, 1.16415e-10, 0.999391, -0.0881889, 0.00298242, 0.0347244)
bones/50/enabled = true
bones/50/position = Vector3(-0.0881889, 0.00298242, 0.0347244)
bones/50/rotation = Quaternion(0.000809368, 0.0174342, -0.0463672, 0.998772)
bones/50/scale = Vector3(1, 1, 1)
bones/51/name = "Character1_RightHandIndex2"
bones/51/parent = 50
bones/51/rest = Transform3D(0.589994, -0.472886, -0.654436, 0.388932, 0.876756, -0.282897, 0.707558, -0.0876233, 0.701201, -0.0420099, -0.00344253, -0.00294148)
bones/51/enabled = true
bones/51/position = Vector3(-0.0420099, -0.00344253, -0.00294148)
bones/51/rotation = Quaternion(0.054856, -0.38261, 0.242101, 0.889937)
bones/51/scale = Vector3(1, 1, 1)
bones/52/name = "Character1_RightHandIndex3"
bones/52/parent = 51
bones/52/rest = Transform3D(-0.963286, -0.033141, 0.266425, -0.161479, 0.864311, -0.476331, -0.214488, -0.501864, -0.83793, -0.0177161, 0.0107439, 0.0165845)
bones/52/enabled = true
bones/52/position = Vector3(-0.0177161, 0.0107439, 0.0165845)
bones/52/rotation = Quaternion(-0.0508264, 0.957278, -0.255463, 0.125594)
bones/52/scale = Vector3(1, 1, 1)
bones/53/name = "Character1_RightHandIndex4"
bones/53/parent = 52
bones/53/rest = Transform3D(0.717579, -0.188196, 0.670568, -0.661804, 0.11575, 0.740687, -0.217013, -0.975287, -0.0414894, 0.00868723, 0.00114372, -0.0175125)
bones/53/enabled = true
bones/53/position = Vector3(0.00868723, 0.00114372, -0.0175125)
bones/53/rotation = Quaternion(-0.64096, 0.331534, -0.176905, 0.669298)
bones/53/scale = Vector3(1, 1, 1)
bones/54/name = "Character1_RightHandMiddle1"
bones/54/parent = 45
bones/54/rest = Transform3D(0.995092, 0.0926487, 0.0347505, -0.0925922, 0.995699, -0.0032335, -0.0349006, 1.16415e-10, 0.999391, -0.0880362, 0.00599253, 0.0130546)
bones/54/enabled = true
bones/54/position = Vector3(-0.0880362, 0.00599253, 0.0130546)
bones/54/rotation = Quaternion(0.000809368, 0.0174342, -0.0463672, 0.998772)
bones/54/scale = Vector3(1, 1, 1)
bones/55/name = "Character1_RightHandMiddle2"
bones/55/parent = 54
bones/55/rest = Transform3D(0.589994, -0.472886, -0.654436, 0.388932, 0.876756, -0.282897, 0.707558, -0.0876233, 0.701201, -0.0483524, -0.00396227, -0.00338558)
bones/55/enabled = true
bones/55/position = Vector3(-0.0483524, -0.00396227, -0.00338558)
bones/55/rotation = Quaternion(0.054856, -0.38261, 0.242101, 0.889937)
bones/55/scale = Vector3(1, 1, 1)
bones/56/name = "Character1_RightHandMiddle3"
bones/56/parent = 55
bones/56/rest = Transform3D(-0.963286, -0.033141, 0.266425, -0.161479, 0.864311, -0.476331, -0.214488, -0.501864, -0.83793, -0.0184591, 0.0111945, 0.01728)
bones/56/enabled = true
bones/56/position = Vector3(-0.0184591, 0.0111945, 0.01728)
bones/56/rotation = Quaternion(-0.0508264, 0.957278, -0.255463, 0.125594)
bones/56/scale = Vector3(1, 1, 1)
bones/57/name = "Character1_RightHandMiddle4"
bones/57/parent = 56
bones/57/rest = Transform3D(0.717579, -0.188196, 0.670568, -0.661804, 0.11575, 0.740687, -0.217013, -0.975287, -0.0414894, 0.00889754, 0.00117141, -0.0179365)
bones/57/enabled = true
bones/57/position = Vector3(0.00889754, 0.00117141, -0.0179365)
bones/57/rotation = Quaternion(-0.64096, 0.331534, -0.176905, 0.669298)
bones/57/scale = Vector3(1, 1, 1)
bones/58/name = "Character1_RightHandRing1"
bones/58/parent = 45
bones/58/rest = Transform3D(0.995092, 0.0926487, 0.0347505, -0.0925922, 0.995699, -0.0032335, -0.0349006, 1.16415e-10, 0.999391, -0.0888903, 0.00479227, -0.00792377)
bones/58/enabled = true
bones/58/position = Vector3(-0.0888903, 0.00479227, -0.00792377)
bones/58/rotation = Quaternion(0.000809368, 0.0174342, -0.0463672, 0.998772)
bones/58/scale = Vector3(1, 1, 1)
bones/59/name = "Character1_RightHandRing2"
bones/59/parent = 58
bones/59/rest = Transform3D(0.589994, -0.472886, -0.654436, 0.388932, 0.876756, -0.282897, 0.707558, -0.0876233, 0.701201, -0.0451163, -0.00369709, -0.00315899)
bones/59/enabled = true
bones/59/position = Vector3(-0.0451163, -0.00369709, -0.00315899)
bones/59/rotation = Quaternion(0.054856, -0.38261, 0.242101, 0.889937)
bones/59/scale = Vector3(1, 1, 1)
bones/60/name = "Character1_RightHandRing3"
bones/60/parent = 59
bones/60/rest = Transform3D(-0.963286, -0.033141, 0.266425, -0.161479, 0.864311, -0.476331, -0.214488, -0.501864, -0.83793, -0.0153837, 0.0093294, 0.014401)
bones/60/enabled = true
bones/60/position = Vector3(-0.0153837, 0.0093294, 0.014401)
bones/60/rotation = Quaternion(-0.0508264, 0.957278, -0.255463, 0.125594)
bones/60/scale = Vector3(1, 1, 1)
bones/61/name = "Character1_RightHandRing4"
bones/61/parent = 60
bones/61/rest = Transform3D(0.717579, -0.188196, 0.670568, -0.661804, 0.11575, 0.740687, -0.217013, -0.975287, -0.0414894, 0.00853252, 0.00112335, -0.0172006)
bones/61/enabled = true
bones/61/position = Vector3(0.00853252, 0.00112335, -0.0172006)
bones/61/rotation = Quaternion(-0.64096, 0.331534, -0.176905, 0.669298)
bones/61/scale = Vector3(1, 1, 1)
bones/62/name = "Character1_RightHandPinky1"
bones/62/parent = 45
bones/62/rest = Transform3D(0.995092, 0.0926487, 0.0347505, -0.0925922, 0.995699, -0.0032335, -0.0349006, 1.16415e-10, 0.999391, -0.0888543, -0.00213804, -0.0248957)
bones/62/enabled = true
bones/62/position = Vector3(-0.0888543, -0.00213804, -0.0248957)
bones/62/rotation = Quaternion(0.000809368, 0.0174342, -0.0463672, 0.998772)
bones/62/scale = Vector3(1, 1, 1)
bones/63/name = "Character1_RightHandPinky2"
bones/63/parent = 62
bones/63/rest = Transform3D(0.590001, -0.472881, -0.654433, 0.388919, 0.87676, -0.282902, 0.70756, -0.0876086, 0.701202, -0.0303024, -0.00248392, -0.00212174)
bones/63/enabled = true
bones/63/position = Vector3(-0.0303024, -0.00248392, -0.00212174)
bones/63/rotation = Quaternion(0.0548616, -0.382609, 0.242095, 0.889939)
bones/63/scale = Vector3(1, 1, 1)
bones/64/name = "Character1_RightHandPinky3"
bones/64/parent = 63
bones/64/rest = Transform3D(-0.963271, -0.0330532, 0.26649, -0.161406, 0.864388, -0.476216, -0.21461, -0.501738, -0.837975, -0.0131969, 0.00800256, 0.0123537)
bones/64/enabled = true
bones/64/position = Vector3(-0.0131969, 0.00800256, 0.0123537)
bones/64/rotation = Quaternion(-0.0507836, 0.957292, -0.255396, 0.125641)
bones/64/scale = Vector3(1, 1, 1)
bones/65/name = "Character1_RightHandPinky4"
bones/65/parent = 64
bones/65/rest = Transform3D(0.717503, -0.18858, 0.670543, -0.66194, 0.115097, 0.740667, -0.216853, -0.97529, -0.0422468, 0.00740198, 0.000974844, -0.014923)
bones/65/enabled = true
bones/65/position = Vector3(0.00740198, 0.000974844, -0.014923)
bones/65/rotation = Quaternion(-0.64122, 0.331603, -0.176886, 0.66902)
bones/65/scale = Vector3(1, 1, 1)
bones/66/name = "Character1_RightHandExtraFinger1"
bones/66/parent = 45
bones/66/rest = Transform3D(0.99646, 0.0840638, 4.12126e-25, -0.0840638, 0.99646, -3.4768e-26, -4.1359e-25, 0, 1, -0.0887971, 0.00298921, -0.0448957)
bones/66/enabled = true
bones/66/position = Vector3(-0.0887971, 0.00298921, -0.0448957)
bones/66/rotation = Quaternion(8.69969e-27, 2.06612e-25, -0.0420691, 0.999115)
bones/66/scale = Vector3(1, 1, 1)
bones/67/name = "Character1_RightHandExtraFinger2"
bones/67/parent = 66
bones/67/rest = Transform3D(0.929536, -0.367299, 0.0324612, 0.367076, 0.930103, 0.012819, -0.0349006, 4.65661e-10, 0.999391, -0.020405, -0.00149212, -0.00106287)
bones/67/enabled = true
bones/67/position = Vector3(-0.020405, -0.00149212, -0.00106287)
bones/67/rotation = Quaternion(-0.00326275, 0.0171453, 0.186917, 0.982221)
bones/67/scale = Vector3(1, 1, 1)
bones/68/name = "Character1_RightHandExtraFinger3"
bones/68/parent = 67
bones/68/rest = Transform3D(0.344248, 0.909047, -0.234791, -0.878756, 0.400017, 0.260334, 0.330576, 0.116705, 0.936536, -0.0188208, 0.00589724, -0.00134709)
bones/68/enabled = true
bones/68/position = Vector3(-0.0188208, 0.00589724, -0.00134709)
bones/68/rotation = Quaternion(-0.0438611, -0.172651, -0.545956, 0.818658)
bones/68/scale = Vector3(1, 1, 1)
bones/69/name = "Character1_RightHandExtraFinger4"
bones/69/parent = 68
bones/69/rest = Transform3D(-0.873857, -0.19988, -0.443195, -0.297551, -0.501047, 0.81266, -0.384496, 0.842022, 0.378368, -0.0102188, -0.0125827, 0.00396088)
bones/69/enabled = true
bones/69/position = Vector3(-0.0102188, -0.0125827, 0.00396088)
bones/69/rotation = Quaternion(-0.24941, 0.498609, 0.829649, -0.0294315)
bones/69/scale = Vector3(1, 1, 1)
bones/70/name = "Character1_Neck"
bones/70/parent = 13
bones/70/rest = Transform3D(1, 0, 0, 0, 1, 0, 0, 0, 1, 0, 0.095, 0)
bones/70/enabled = true
bones/70/position = Vector3(0, 0.095, 0)
bones/70/rotation = Quaternion(0, 0, 0, 1)
bones/70/scale = Vector3(1, 1, 1)
bones/71/name = "Character1_Head"
bones/71/parent = 70
bones/71/rest = Transform3D(1, 0, 0, 0, 1, 0, 0, 0, 1, 0, 0.2, 0)
bones/71/enabled = true
bones/71/position = Vector3(0, 0.2, 0)
bones/71/rotation = Quaternion(0, 0, 0, 1)
bones/71/scale = Vector3(1, 1, 1)

[node name="IKLeftArm" type="SkeletonIK3D" parent="Root Scene/RootNode/Character1_Reference/Skeleton3D"]
process_priority = 1
root_bone = &"LeftClavicle"
tip_bone = &"LeftHand"
interpolation = 0.0
target_node = NodePath("../IKTargets/LeftArmTarget")

[node name="IKRightArm" type="SkeletonIK3D" parent="Root Scene/RootNode/Character1_Reference/Skeleton3D"]
process_priority = 1
root_bone = &"RightClavicle"
tip_bone = &"RightHand"
interpolation = 0.0
target_node = NodePath("../IKTargets/RightArmTarget")

[node name="IKLeftLeg" type="SkeletonIK3D" parent="Root Scene/RootNode/Character1_Reference/Skeleton3D"]
process_priority = 1
root_bone = &"Character1_LeftUpLeg"
tip_bone = &"Character1_LeftToeBase"
use_magnet = true
magnet = Vector3(-0.5, -1, 3)
target_node = NodePath("../IKTargets/LeftLegTarget")

[node name="IKRightLeg" type="SkeletonIK3D" parent="Root Scene/RootNode/Character1_Reference/Skeleton3D"]
process_priority = 1
root_bone = &"Character1_RightUpLeg"
tip_bone = &"Character1_RightToeBase"
use_magnet = true
magnet = Vector3(0.5, -1, 3)
target_node = NodePath("../IKTargets/RightLegTarget")

[node name="IKTorso" type="SkeletonIK3D" parent="Root Scene/RootNode/Character1_Reference/Skeleton3D"]
process_priority = 1
root_bone = &"Root"
tip_bone = &"Spine3"
interpolation = 0.0
target_node = NodePath("../IKTargets/TorsoTarget")

[node name="IKHead" type="SkeletonIK3D" parent="Root Scene/RootNode/Character1_Reference/Skeleton3D"]
process_priority = 1
root_bone = &"Neck"
tip_bone = &"Head"
interpolation = 0.0
target_node = NodePath("../IKTargets/HeadTarget")

[node name="IKTargets" type="Node" parent="Root Scene/RootNode/Character1_Reference/Skeleton3D"]

[node name="LeftArmTarget" type="Node3D" parent="Root Scene/RootNode/Character1_Reference/Skeleton3D/IKTargets"]
transform = Transform3D(1, 0, 0, 0, 1, 0, 0, 0, 1, 1.55537, 2, -0.885281)
visible = false

[node name="RightArmTarget" type="Node3D" parent="Root Scene/RootNode/Character1_Reference/Skeleton3D/IKTargets"]
transform = Transform3D(1, 0, 0, 0, 1, 0, 0, 0, 1, 1.47501, 2, 1.05008)
visible = false

[node name="LeftLegTarget" type="Node3D" parent="Root Scene/RootNode/Character1_Reference/Skeleton3D/IKTargets"]
transform = Transform3D(-4.37114e-08, 1, 0, -1, -4.37114e-08, 0, 0, 0, 1, 0.112816, 0.0344607, 0.126282)
visible = false

[node name="RightLegTarget" type="Node3D" parent="Root Scene/RootNode/Character1_Reference/Skeleton3D/IKTargets"]
transform = Transform3D(-4.37114e-08, 1, 0, -1, -4.37114e-08, 0, 0, 0, 1, -0.111385, 0.0344607, 0.126282)
visible = false

[node name="TorsoTarget" type="Node3D" parent="Root Scene/RootNode/Character1_Reference/Skeleton3D/IKTargets"]
transform = Transform3D(0.585269, 0.810839, 0, -0.810839, 0.585269, 0, 0, 0, 1, 0.98675, 1.74603, 0)
visible = false

[node name="HeadTarget" type="Node3D" parent="Root Scene/RootNode/Character1_Reference/Skeleton3D/IKTargets"]
transform = Transform3D(1, 0, 0, 0, 1, 1.74846e-07, 0, -1.74846e-07, 1, 1.26207, 0.989904, 0)
visible = false

[node name="IKAttachments" type="Node" parent="Root Scene/RootNode/Character1_Reference/Skeleton3D"]

[node name="LeftArm" type="Node" parent="Root Scene/RootNode/Character1_Reference/Skeleton3D/IKAttachments"]

[node name="Clavicle" type="BoneAttachment3D" parent="Root Scene/RootNode/Character1_Reference/Skeleton3D/IKAttachments/LeftArm"]
transform = Transform3D(1, 0, 0, 0, 1, 0, 0, 0, 1, 0.07, 1.46589, 0)
visible = false
bone_name = "Character1_LeftShoulder"
bone_idx = 14
use_external_skeleton = true
external_skeleton = NodePath("../../..")

[node name="MeshInstance3D" type="MeshInstance3D" parent="Root Scene/RootNode/Character1_Reference/Skeleton3D/IKAttachments/LeftArm/Clavicle"]
transform = Transform3D(1, 1.42109e-14, 7.10543e-14, -3.55271e-14, 1, 5.96046e-08, -4.9738e-14, -5.96046e-08, 1, 2.97007e-11, 0.5, -0.000124931)
mesh = SubResource("BoxMesh_e5bc4")

[node name="Shoulder" type="BoneAttachment3D" parent="Root Scene/RootNode/Character1_Reference/Skeleton3D/IKAttachments/LeftArm"]
transform = Transform3D(1, -9.10124e-06, 3.55693e-05, 9.10166e-06, 1, -1.17715e-05, -3.55691e-05, 1.17719e-05, 1, 0.177072, 1.46589, 0)
visible = false
bone_name = "Character1_LeftArm"
bone_idx = 15
use_external_skeleton = true
external_skeleton = NodePath("../../..")

[node name="MeshInstance3D" type="MeshInstance3D" parent="Root Scene/RootNode/Character1_Reference/Skeleton3D/IKAttachments/LeftArm/Shoulder"]
transform = Transform3D(1, 0, -9.05942e-14, 0, 1, 0, -5.32907e-15, 0, 1, 0, 0.350673, 0)
mesh = SubResource("BoxMesh_e5bc4")

[node name="Forearm" type="BoneAttachment3D" parent="Root Scene/RootNode/Character1_Reference/Skeleton3D/IKAttachments/LeftArm"]
transform = Transform3D(1, -0.000307994, -2.19163e-06, 0.000307994, 1, 9.09495e-13, 2.19163e-06, -6.75755e-10, 1, 0.450127, 1.46589, 9.09495e-13)
visible = false
bone_name = "Character1_LeftForeArm"
bone_idx = 16
use_external_skeleton = true
external_skeleton = NodePath("../../..")

[node name="MeshInstance3D" type="MeshInstance3D" parent="Root Scene/RootNode/Character1_Reference/Skeleton3D/IKAttachments/LeftArm/Forearm"]
transform = Transform3D(1, 0, -2.84217e-14, 8.47033e-22, 1, 1.42109e-14, -5.16161e-22, 0, 1, 0, 0.214426, 0)
mesh = SubResource("BoxMesh_e5bc4")

[node name="Hand" type="BoneAttachment3D" parent="Root Scene/RootNode/Character1_Reference/Skeleton3D/IKAttachments/LeftArm"]
transform = Transform3D(0.999994, 0.00354193, -2.41016e-11, -0.00354193, 0.999994, -7.76164e-09, 0, 7.76185e-09, 1, 0.717099, 1.46589, 9.66338e-13)
visible = false
bone_name = "Character1_LeftHand"
bone_idx = 17
use_external_skeleton = true
external_skeleton = NodePath("../../..")

[node name="MeshInstance3D" type="MeshInstance3D" parent="Root Scene/RootNode/Character1_Reference/Skeleton3D/IKAttachments/LeftArm/Hand"]
transform = Transform3D(1, 0, -2.84217e-14, 8.47033e-22, 1, 1.42109e-14, -5.16161e-22, 0, 1, 0, 0, 0)
mesh = SubResource("BoxMesh_d3vyt")

[node name="RightArm" type="Node" parent="Root Scene/RootNode/Character1_Reference/Skeleton3D/IKAttachments"]

[node name="Clavicle" type="BoneAttachment3D" parent="Root Scene/RootNode/Character1_Reference/Skeleton3D/IKAttachments/RightArm"]
transform = Transform3D(1, 0, 0, 0, 1, 0, 0, 0, 1, -0.07, 1.46589, 0)
visible = false
bone_name = "Character1_RightShoulder"
bone_idx = 42
use_external_skeleton = true
external_skeleton = NodePath("../../..")

[node name="MeshInstance3D" type="MeshInstance3D" parent="Root Scene/RootNode/Character1_Reference/Skeleton3D/IKAttachments/RightArm/Clavicle"]
transform = Transform3D(1, 1.13687e-13, -3.41061e-13, -2.84217e-14, 0.999999, 0, -3.97904e-13, 0, 0.999999, 0, 0.5, 0.02)
mesh = SubResource("BoxMesh_e5bc4")

[node name="Shoulder" type="BoneAttachment3D" parent="Root Scene/RootNode/Character1_Reference/Skeleton3D/IKAttachments/RightArm"]
transform = Transform3D(1, -1.85287e-05, -3.57034e-05, 1.85283e-05, 1, -1.19653e-05, 3.57036e-05, 1.19646e-05, 1, -0.177073, 1.46589, 0)
visible = false
bone_name = "Character1_RightArm"
bone_idx = 43
use_external_skeleton = true
external_skeleton = NodePath("../../..")

[node name="MeshInstance3D" type="MeshInstance3D" parent="Root Scene/RootNode/Character1_Reference/Skeleton3D/IKAttachments/RightArm/Shoulder"]
transform = Transform3D(1, 2.84217e-14, 1.42109e-13, 0, 1, 0, 1.42109e-14, 0, 1, 2.27374e-13, 0.304834, 0.0141554)
mesh = SubResource("BoxMesh_e5bc4")

[node name="Forearm" type="BoneAttachment3D" parent="Root Scene/RootNode/Character1_Reference/Skeleton3D/IKAttachments/RightArm"]
transform = Transform3D(1, 0.000971113, 2.19163e-06, -0.000971113, 1, -9.09495e-13, -2.19163e-06, -2.12731e-09, 1, -0.450129, 1.46589, 0)
visible = false
bone_name = "Character1_RightForeArm"
bone_idx = 44
use_external_skeleton = true
external_skeleton = NodePath("../../..")

[node name="MeshInstance3D" type="MeshInstance3D" parent="Root Scene/RootNode/Character1_Reference/Skeleton3D/IKAttachments/RightArm/Forearm"]
transform = Transform3D(1, 0, 5.68427e-14, 0, 1, -2.84217e-14, -5.68442e-14, 0, 1, -1.7053e-13, 0.212161, 4.76837e-07)
mesh = SubResource("BoxMesh_e5bc4")

[node name="Hand" type="BoneAttachment3D" parent="Root Scene/RootNode/Character1_Reference/Skeleton3D/IKAttachments/RightArm"]
transform = Transform3D(0.999938, -0.0111676, 2.69665e-10, 0.0111676, 0.999938, -2.44746e-08, -1.13687e-12, 2.44762e-08, 1, -0.717099, 1.46589, 2.27374e-13)
visible = false
bone_name = "Character1_RightHand"
bone_idx = 45
use_external_skeleton = true
external_skeleton = NodePath("../../..")

[node name="MeshInstance3D" type="MeshInstance3D" parent="Root Scene/RootNode/Character1_Reference/Skeleton3D/IKAttachments/RightArm/Hand"]
transform = Transform3D(1, 3.38813e-21, 1.84227e-21, -5.92923e-21, 1, -1.42109e-14, -4.02333e-22, 0, 1, 0, 0, 0)
mesh = SubResource("BoxMesh_up3vs")

[node name="LeftLeg" type="Node" parent="Root Scene/RootNode/Character1_Reference/Skeleton3D/IKAttachments"]

[node name="Hip" type="BoneAttachment3D" parent="Root Scene/RootNode/Character1_Reference/Skeleton3D/IKAttachments/LeftLeg"]
transform = Transform3D(1, 0, 0, 0, 1, 1.07053e-05, 0, -1.07053e-05, 1, 0.0891, 0.9373, 0)
visible = false
bone_name = "Character1_LeftUpLeg"
bone_idx = 2
use_external_skeleton = true
external_skeleton = NodePath("../../..")

[node name="MeshInstance3D" type="MeshInstance3D" parent="Root Scene/RootNode/Character1_Reference/Skeleton3D/IKAttachments/LeftLeg/Hip"]
transform = Transform3D(1, 0, 0, 0, 1, 2.98023e-08, 0, -2.98023e-08, 1, 0, 0.0668634, -0.0200562)
mesh = SubResource("BoxMesh_p8xou")

[node name="Thigh" type="BoneAttachment3D" parent="Root Scene/RootNode/Character1_Reference/Skeleton3D/IKAttachments/LeftLeg"]
transform = Transform3D(1, 0, 0, 0, 1, 1.07053e-05, 0, -1.07053e-05, 1, 0.0891, 0.9373, 0)
visible = false
bone_name = "Character1_LeftUpLeg"
bone_idx = 2
use_external_skeleton = true
external_skeleton = NodePath("../../..")

[node name="MeshInstance3D" type="MeshInstance3D" parent="Root Scene/RootNode/Character1_Reference/Skeleton3D/IKAttachments/LeftLeg/Thigh"]
transform = Transform3D(1, 0, 0, 0, 1, 0, 0, 0, 1, 0, 0.629786, 2.98023e-08)
mesh = SubResource("BoxMesh_v8n77")

[node name="Leg" type="BoneAttachment3D" parent="Root Scene/RootNode/Character1_Reference/Skeleton3D/IKAttachments/LeftLeg"]
